319.19 -322.60 -386.16
-46.60 432.61 148.60
-469.57 494.71 71.50
315.29 -184.19 -387.31
-441.39 378.89 -423.46
5.06 -328.95 -409.00
-417.31 -245.52 90.97
-221.64 -266.84 -294.26
-183.18 440.84 -132.81
-463.82 -207.51 349.47
-26.50 12.72 -285.67
423.74 -334.49 -213.90
-495.99 -63.75 -115.52
492.04 -237.06 -294.44
-405.23 -361.06 429.46
309.38 370.91 361.98
-275.69 187.38 -200.19
269.05 329.53 292.62
110.25 -356.63 421.55
-76.86 -371.35 -426.61
69.99 -361.92 -379.31
-119.93 495.23 -149.19
407.53 -30.41 -235.63
-245.71 -340.41 60.06
-306.21 -401.53 -199.73
-268.69 105.88 -21.79
428.95 -68.12 111.26
-423.83 -474.87 -366.37
-352.05 -23.89 -89.14
279.34 89.28 -280.73
388.32 417.26 144.69
-111.33 442.90 111.95
346.94 -322.08 412.64
-337.44 -368.74 -223.57
-153.65 -411.57 -307.95
-173.81 271.41 407.41
-148.35 -111.68 -341.23
346.94 -286.91 -499.50
461.55 476.13 292.81
-315.21 -350.96 -241.43
116.19 444.37 -46.33
-218.00 -488.21 -396.62
368.20 -353.85 201.15
146.83 -291.89 -116.42
293.80 272.93 281.71
9.82 -243.05 99.83
64.56 -145.54 -338.94
23.34 -345.16 405.05
200.51 433.91 26.24
-225.26 -269.41 -188.41
-134.33 494.55 -347.03
332.39 -226.25 412.69
-28.30 486.11 -412.72
103.71 -461.67 -206.14
-14.68 -331.34 108.93
4.65 285.65 -359.08
-155.75 -354.67 -11.58
-30.15 340.55 32.60
317.33 254.53 -460.97
-395.63 -209.89 44.70
-378.47 105.67 160.07
-139.40 -233.45 388.92
-124.88 174.37 -176.18
309.22 -410.82 -159.25
0.82 -368.21 465.59
-91.42 471.23 137.09
-39.38 -248.44 -322.04
89.02 -340.48 -98.31
138.18 200.71 -52.08
-224.77 -432.94 19.14
55.94 308.72 108.35
7.27 42.09 -46.30
-228.72 329.18 -27.16
143.56 96.71 -364.05
-251.39 -171.17 -445.12
220.57 291.43 478.24
-400.81 199.11 -364.18
-184.39 -87.11 -474.28
119.03 0.89 -155.21
-492.20 187.94 -149.97
482.07 316.55 -63.43
72.65 471.33 435.06
38.08 417.81 261.20
478.68 -80.81 -315.28
387.30 473.62 353.90
-451.87 -297.56 330.52
-176.63 388.26 -367.95
453.85 -268.94 -446.02
93.78 405.65 328.83
424.61 -89.05 62.41
161.73 -341.79 362.55
-92.84 301.94 -316.81
487.72 359.95 323.84
-94.39 -431.37 110.72
490.98 -63.36 -341.42
386.83 -336.30 -498.26
364.36 474.04 221.57
220.66 49.94 102.02
-393.94 188.64 325.55
288.01 -399.73 415.50
-138.02 -175.33 456.65
-409.18 253.82 -124.29
-411.29 479.48 177.18
328.84 462.63 131.22
-471.51 -4.26 -316.27
114.37 -121.59 133.01
347.14 251.36 -124.52
188.03 -447.33 305.06
225.17 -464.36 1.73
428.10 -252.00 421.13
-348.06 -270.15 335.90
282.43 199.91 347.89
-370.36 -338.53 -298.32
32.15 377.48 87.85
-174.15 185.72 -424.51
-212.82 92.74 -326.81
-289.02 391.49 377.96
-314.44 -198.25 -150.70
-323.00 -320.10 281.45
176.22 39.55 121.31
-237.74 -187.82 353.71
-440.91 -163.64 442.49
-369.76 256.43 -433.40
448.01 153.67 -396.75
-99.73 70.21 131.99
-230.23 240.09 -126.25
272.98 242.74 443.98
-402.20 -180.65 -499.39
-2.07 468.37 -475.96
-0.07 -83.76 327.18
218.72 -458.03 264.57
-316.97 96.06 99.53
347.32 359.38 -346.86
235.49 363.62 449.40
-116.76 -406.53 -301.04
-139.12 424.14 -60.93
-122.88 -25.20 -415.36
-22.10 271.29 -350.19
-196.44 484.89 -103.84
163.70 271.88 113.81
-322.05 -480.49 -302.25
49.36 -189.52 -298.19
-0.55 109.16 307.78
115.42 -94.38 -28.88
-492.69 -63.39 -339.64
-30.80 316.44 47.09
-458.64 -220.21 -447.26
-148.42 -359.64 -140.17
-297.85 -208.74 249.70
289.99 494.15 376.90
-293.29 -289.71 442.63
166.90 -410.19 -10.97
-345.54 375.53 384.82
159.27 -473.00 458.05
145.96 -409.99 -218.00
266.95 -304.10 -475.07
-368.26 -150.99 189.53
-404.39 -0.78 -368.03
126.85 43.86 103.79
304.54 22.39 -398.95
178.41 318.54 -123.98
-499.93 -483.71 -240.47
442.77 -99.15 -350.06
-195.04 -334.31 -125.85
164.23 231.66 -365.03
-251.57 476.38 203.85
-72.41 -356.19 -41.46
100.25 254.14 -313.76
322.97 -271.15 405.92
453.53 1.52 -167.88
-305.48 -420.88 -336.36
132.86 258.38 -13.93
-232.59 121.52 339.98
-301.78 286.98 38.39
9.03 56.97 -180.97
-88.70 404.45 366.34
422.53 63.74 -313.68
176.59 -142.70 -319.82
-86.54 300.96 -248.72
164.99 -323.04 -67.91
-404.18 -199.05 219.70
-116.46 -61.60 -490.91
-327.47 -416.80 155.13
-65.09 142.48 17.91
-368.38 -70.71 493.45
-119.34 338.94 -451.31
-320.20 203.21 -202.15
-76.75 33.77 271.63
-261.98 125.61 218.00
-281.13 -10.72 385.91
499.57 286.56 -337.17
126.92 -173.61 99.54
248.61 362.53 -438.47
107.31 -84.93 -85.93
-126.97 -257.39 7.62
478.06 -42.11 476.31
-456.42 52.15 375.38
-200.52 -437.06 93.99
-309.28 -204.25 -264.60
130.80 -462.23 -50.91
