200 406
0 3
0 37
0 87
0 95
0 155
1 31
1 57
1 65
1 70
1 82
1 113
1 145
2 102
3 37
3 87
3 155
3 162
3 177
4 122
5 19
5 20
5 66
6 59
6 156
6 180
7 33
7 34
7 36
7 39
7 49
7 112
7 134
7 198
8 21
8 72
8 135
8 138
9 85
9 110
9 121
9 180
10 136
10 174
11 13
11 63
12 28
13 83
13 87
13 94
13 162
14 85
14 110
14 118
14 150
15 17
15 44
15 75
15 84
15 111
15 126
15 133
15 149
16 62
16 101
16 115
16 125
16 186
17 44
17 111
17 126
17 133
18 47
18 64
18 90
18 107
18 153
19 20
19 34
19 66
19 134
20 66
21 135
21 138
22 83
22 94
22 162
22 169
22 176
23 56
23 69
23 182
23 194
23 197
24 33
24 39
24 49
24 112
24 140
24 147
24 163
24 170
25 28
25 125
25 131
26 89
27 112
27 140
27 161
27 170
29 73
29 159
29 176
30 38
30 96
30 103
31 57
31 65
31 113
31 135
31 145
31 165
32 51
32 99
32 109
32 168
33 39
33 49
33 112
33 140
33 163
33 170
33 198
34 41
34 134
34 147
34 170
35 116
35 172
35 175
36 66
36 74
36 77
36 136
36 181
37 87
37 95
37 155
38 84
38 92
38 96
39 49
39 112
39 117
39 140
39 163
39 170
39 198
40 48
40 113
40 160
41 134
41 140
41 170
43 67
43 151
43 154
43 179
44 111
44 126
45 54
45 105
45 191
45 194
46 66
46 141
46 177
47 64
47 90
48 103
49 117
49 147
49 163
49 198
50 52
50 86
51 99
51 109
51 168
52 128
52 185
53 67
53 154
53 199
54 93
54 166
54 194
55 91
55 137
55 164
55 167
55 178
55 185
56 69
56 93
56 147
56 163
56 166
56 194
56 197
57 65
57 70
57 113
57 135
57 145
58 123
58 132
58 192
59 156
59 180
60 131
60 188
61 100
61 120
61 150
62 125
62 174
62 178
63 154
65 113
65 165
66 134
66 141
67 151
67 154
67 166
67 179
67 199
68 160
68 171
69 93
69 163
69 182
69 197
70 113
70 139
70 145
70 171
71 78
71 143
71 174
71 183
71 193
72 125
72 135
72 138
72 173
73 164
73 167
74 77
74 127
74 181
75 111
75 126
75 133
76 122
77 136
77 181
78 143
78 174
78 193
79 101
80 106
81 88
82 88
82 113
82 175
83 94
83 162
83 169
83 176
84 92
84 96
84 149
85 110
85 118
85 121
85 180
86 91
86 178
86 185
87 95
90 99
90 107
90 130
90 153
91 114
91 137
91 178
91 185
93 166
93 197
94 162
94 176
95 155
96 103
96 149
97 119
97 158
98 172
98 196
99 107
99 130
99 153
99 168
100 120
101 125
101 186
102 165
104 144
104 157
105 119
105 143
105 158
105 191
107 130
107 153
108 151
108 179
108 199
109 168
110 118
110 120
110 121
110 148
110 150
110 180
111 126
112 140
112 170
112 198
113 139
113 145
114 115
114 185
115 136
116 152
117 198
118 120
118 148
118 150
118 180
118 182
119 158
120 148
120 150
121 184
123 176
123 190
124 183
124 187
125 186
126 133
127 146
128 185
129 187
131 188
132 190
132 192
133 149
134 147
135 138
136 181
137 167
137 178
137 185
139 171
140 170
141 177
142 187
143 191
143 193
144 157
145 183
147 163
147 166
148 156
148 180
151 179
151 199
154 179
154 199
156 180
159 176
160 171
162 176
163 166
163 194
164 167
164 192
166 194
169 176
172 188
172 189
179 199
182 197
184 189
